time0: 0.311552
time1: 1.0446
time2: 0.0327307
time3: 0.0807977
time4: 0.000220288
time_makePD: 0
totalTime: 1.60656
total iter: 28
frames: 12
totalCollisionNum: 0
averageCollision: 0
maxCOllisionPairNum: 0
totalCgTime: 3345
